MEME version 5.4.1 (Sat Aug 21 19:23:23 2021 -0700)

ALPHABET= ACGT

strands: + -

Background letter frequencies (from multiple tamo log-odds matricies):
A 0.33000 C 0.17000 G 0.17000 T 0.33000 

MOTIF AP2 

letter-probability matrix: alength= 4 w= 8 nsites= 1 E= 0
  0.003268	  0.708980	  0.001684	  0.286069	
  0.003267	  0.803120	  0.190345	  0.003267	
  0.003267	  0.001684	  0.001684	  0.993365	
  0.003268	  0.991780	  0.001684	  0.003268	
  0.003268	  0.001684	  0.991780	  0.003268	
  0.003267	  0.001684	  0.170130	  0.824920	
  0.912505	  0.082543	  0.001684	  0.003269	
  0.003268	  0.991780	  0.001684	  0.003268	

MOTIF AP2_1 

letter-probability matrix: alength= 4 w= 21 nsites= 1 E= 0
  0.177976	  0.118170	  0.351094	  0.352760	
  0.148924	  0.205587	  0.380198	  0.265291	
  0.236258	  0.001683	  0.700572	  0.061487	
  0.003268	  0.933553	  0.001684	  0.061496	
  0.905986	  0.001684	  0.059943	  0.032387	
  0.003269	  0.991779	  0.001684	  0.003269	
  0.614907	  0.001683	  0.380142	  0.003268	
  0.236256	  0.176360	  0.438484	  0.148901	
  0.439957	  0.030811	  0.030811	  0.498420	
  0.003268	  0.089050	  0.001684	  0.905999	
  0.119756	  0.729685	  0.001683	  0.148875	
  0.003269	  0.991779	  0.001684	  0.003269	
  0.003269	  0.962652	  0.001684	  0.032395	
  0.265283	  0.322144	  0.380186	  0.032388	
  0.993366	  0.001683	  0.001683	  0.003267	
  0.207080	  0.030808	  0.467628	  0.294484	
  0.090670	  0.030818	  0.846120	  0.032392	
  0.061491	  0.292941	  0.089045	  0.556523	
  0.236267	  0.176368	  0.409422	  0.177943	
  0.352678	  0.292924	  0.118142	  0.236256	
  0.556529	  0.118151	  0.089046	  0.236273	

MOTIF AP2_2 

letter-probability matrix: alength= 4 w= 14 nsites= 1 E= 0
  0.003277	  0.929717	  0.001683	  0.065323	
  0.869897	  0.032510	  0.063374	  0.034218	
  0.003280	  0.991756	  0.001684	  0.003280	
  0.653820	  0.032534	  0.310375	  0.003271	
  0.265818	  0.147076	  0.437887	  0.149220	
  0.469294	  0.030706	  0.030706	  0.469294	
  0.003269	  0.059752	  0.030716	  0.906264	
  0.149259	  0.699800	  0.001682	  0.149259	
  0.003280	  0.991756	  0.001684	  0.003280	
  0.003279	  0.961650	  0.001683	  0.033388	
  0.305201	  0.044686	  0.560564	  0.089550	
  0.948367	  0.001678	  0.001678	  0.048278	
  0.138489	  0.001680	  0.450925	  0.408906	
  0.093572	  0.001683	  0.901466	  0.003278	

MOTIF AP2_ERF 

letter-probability matrix: alength= 4 w= 9 nsites= 1 E= 0
  0.191479	  0.290747	  0.233717	  0.284058	
  0.174337	  0.225551	  0.188616	  0.411495	
  0.307067	  0.039233	  0.571651	  0.082049	
  0.003273	  0.881035	  0.019658	  0.096034	
  0.038736	  0.870793	  0.047610	  0.042861	
  0.043285	  0.037489	  0.888597	  0.030629	
  0.534471	  0.240276	  0.077201	  0.148053	
  0.096665	  0.705010	  0.098804	  0.099520	
  0.420144	  0.156424	  0.221217	  0.202214	

MOTIF AP2_ERF_1 

letter-probability matrix: alength= 4 w= 8 nsites= 20 E= 0
  0.493223	  0.006538	  0.492121	  0.008118	
  0.006520	  0.982020	  0.004940	  0.006520	
  0.006520	  0.982020	  0.004940	  0.006520	
  0.006520	  0.004940	  0.982020	  0.006520	
  0.983598	  0.004941	  0.004941	  0.006520	
  0.006520	  0.982020	  0.004940	  0.006520	
  0.983598	  0.004941	  0.004941	  0.006520	
  0.006520	  0.004941	  0.004941	  0.983598	

MOTIF AP2_ERF_10 

letter-probability matrix: alength= 4 w= 8 nsites= 1 E= 0
  0.254102	  0.237923	  0.213242	  0.294733	
  0.239381	  0.217557	  0.262696	  0.280366	
  0.217429	  0.072932	  0.577822	  0.131818	
  0.116360	  0.498531	  0.243629	  0.141480	
  0.012750	  0.659636	  0.003930	  0.323684	
  0.204801	  0.006101	  0.771307	  0.017791	
  0.149961	  0.325051	  0.279852	  0.245136	
  0.239929	  0.344306	  0.224496	  0.191270	

MOTIF AP2_ERF_11 

letter-probability matrix: alength= 4 w= 9 nsites= 1 E= 0
  0.170862	  0.401875	  0.161188	  0.266075	
  0.485095	  0.013023	  0.400327	  0.101555	
  0.039066	  0.888826	  0.029299	  0.042809	
  0.030445	  0.929987	  0.002780	  0.036788	
  0.066165	  0.002091	  0.901324	  0.030421	
  0.354419	  0.190708	  0.188867	  0.266006	
  0.077948	  0.801386	  0.047025	  0.073641	
  0.231475	  0.489996	  0.099293	  0.179236	
  0.365043	  0.188815	  0.200413	  0.245729	

MOTIF AP2_ERF_12 

letter-probability matrix: alength= 4 w= 8 nsites= 1 E= 0
  0.072535	  0.323935	  0.530996	  0.072535	
  0.110005	  0.762921	  0.062743	  0.064330	
  0.003393	  0.001808	  0.991407	  0.003393	
  0.003393	  0.966354	  0.026860	  0.003393	
  0.003393	  0.991407	  0.001808	  0.003393	
  0.003392	  0.014330	  0.978886	  0.003392	
  0.070239	  0.750741	  0.068649	  0.110370	
  0.099207	  0.783797	  0.065678	  0.051317	

MOTIF AP2_ERF_13 

letter-probability matrix: alength= 4 w= 10 nsites= 1 E= 0
  0.194616	  0.298827	  0.278622	  0.227936	
  0.289914	  0.464703	  0.167053	  0.078329	
  0.036894	  0.014815	  0.931883	  0.016408	
  0.035031	  0.897791	  0.037123	  0.030055	
  0.099340	  0.843347	  0.022070	  0.035244	
  0.045491	  0.011994	  0.920453	  0.022062	
  0.131380	  0.587029	  0.130988	  0.150603	
  0.037574	  0.895369	  0.025854	  0.041202	
  0.383333	  0.175842	  0.239210	  0.201614	
  0.233512	  0.253534	  0.222866	  0.290089	

MOTIF AP2_ERF_14 

letter-probability matrix: alength= 4 w= 8 nsites= 1 E= 0
  0.419049	  0.536394	  0.031388	  0.013168	
  0.013071	  0.011483	  0.962375	  0.013071	
  0.003268	  0.971968	  0.011590	  0.013174	
  0.042871	  0.952179	  0.001683	  0.003267	
  0.023068	  0.001683	  0.962082	  0.013167	
  0.023080	  0.912538	  0.021492	  0.042890	
  0.013071	  0.962375	  0.011483	  0.013071	
  0.583345	  0.051674	  0.241751	  0.123230	

MOTIF AP2_ERF_15 

letter-probability matrix: alength= 4 w= 8 nsites= 1 E= 0
  0.345846	  0.458334	  0.192172	  0.003648	
  0.003515	  0.001932	  0.991038	  0.003515	
  0.003510	  0.991055	  0.001925	  0.003510	
  0.124101	  0.870465	  0.001925	  0.003510	
  0.027627	  0.001924	  0.966940	  0.003509	
  0.003510	  0.942775	  0.050205	  0.003510	
  0.003510	  0.991055	  0.001925	  0.003510	
  0.242206	  0.104283	  0.479493	  0.174018	

MOTIF AP2_ERF_16 

letter-probability matrix: alength= 4 w= 10 nsites= 1 E= 0
  0.156193	  0.265438	  0.207394	  0.370976	
  0.435727	  0.016037	  0.529441	  0.018795	
  0.019260	  0.886261	  0.001776	  0.092703	
  0.042938	  0.881131	  0.005352	  0.070579	
  0.033080	  0.001683	  0.951406	  0.013831	
  0.953279	  0.003675	  0.012630	  0.030416	
  0.010253	  0.950178	  0.004672	  0.034896	
  0.520208	  0.138908	  0.210109	  0.130775	
  0.184601	  0.167419	  0.138363	  0.509617	
  0.308991	  0.244801	  0.220169	  0.226038	

MOTIF AP2_ERF_17 

letter-probability matrix: alength= 4 w= 8 nsites= 1 E= 0
  0.082615	  0.753763	  0.081007	  0.082615	
  0.017556	  0.001825	  0.977209	  0.003410	
  0.003410	  0.878258	  0.114921	  0.003410	
  0.003410	  0.977218	  0.015962	  0.003410	
  0.017556	  0.001825	  0.977209	  0.003410	
  0.059945	  0.637906	  0.185619	  0.116530	
  0.081939	  0.897095	  0.001839	  0.019126	
  0.578656	  0.024919	  0.277857	  0.118567	

MOTIF AP2_ERF_18 

letter-probability matrix: alength= 4 w= 10 nsites= 1 E= 0
  0.263252	  0.438800	  0.140110	  0.157838	
  0.079444	  0.016022	  0.867059	  0.037475	
  0.051041	  0.860898	  0.084489	  0.003572	
  0.130527	  0.763946	  0.037774	  0.067753	
  0.092762	  0.026329	  0.868017	  0.012892	
  0.147687	  0.453361	  0.132378	  0.266575	
  0.212952	  0.589156	  0.067439	  0.130453	
  0.417714	  0.173584	  0.209599	  0.199103	
  0.276362	  0.208158	  0.198024	  0.317456	
  0.279570	  0.208396	  0.200323	  0.311711	

MOTIF AP2_ERF_19 

letter-probability matrix: alength= 4 w= 9 nsites= 1 E= 0
  0.206948	  0.279370	  0.273810	  0.239872	
  0.220731	  0.418202	  0.181529	  0.179538	
  0.605272	  0.001756	  0.389465	  0.003507	
  0.023660	  0.941138	  0.028134	  0.007068	
  0.035237	  0.903853	  0.020878	  0.040031	
  0.067491	  0.001841	  0.848948	  0.081720	
  0.352689	  0.311516	  0.122715	  0.213080	
  0.216657	  0.379033	  0.150559	  0.253751	
  0.319472	  0.235969	  0.163535	  0.281023	

MOTIF AP2_ERF_2 

letter-probability matrix: alength= 4 w= 8 nsites= 1 E= 0
  0.046673	  0.474791	  0.345885	  0.132652	
  0.110460	  0.777138	  0.082141	  0.030261	
  0.003492	  0.001908	  0.991107	  0.003492	
  0.003495	  0.968611	  0.024399	  0.003495	
  0.003492	  0.991107	  0.001908	  0.003492	
  0.003492	  0.001908	  0.991107	  0.003492	
  0.025984	  0.923653	  0.001908	  0.048455	
  0.119877	  0.729141	  0.060132	  0.090850	

MOTIF AP2_ERF_20 

letter-probability matrix: alength= 4 w= 9 nsites= 1 E= 0
  0.264921	  0.248094	  0.260790	  0.226195	
  0.300920	  0.211507	  0.317709	  0.169864	
  0.229155	  0.134690	  0.475237	  0.160918	
  0.206240	  0.476888	  0.192873	  0.123999	
  0.110503	  0.690866	  0.057691	  0.140940	
  0.309793	  0.005193	  0.670218	  0.014796	
  0.181304	  0.356706	  0.349607	  0.112382	
  0.138556	  0.665201	  0.104956	  0.091286	
  0.394593	  0.198026	  0.280245	  0.127135	

MOTIF AP2_ERF_21 

letter-probability matrix: alength= 4 w= 9 nsites= 1 E= 0
  0.189498	  0.311761	  0.299684	  0.199057	
  0.225854	  0.477550	  0.156988	  0.139609	
  0.057368	  0.001738	  0.937352	  0.003541	
  0.024917	  0.877526	  0.048918	  0.048639	
  0.094903	  0.765175	  0.063103	  0.076819	
  0.174995	  0.097846	  0.613294	  0.113864	
  0.196871	  0.420036	  0.140884	  0.242209	
  0.220447	  0.461616	  0.125762	  0.192176	
  0.342144	  0.235686	  0.213445	  0.208725	

MOTIF AP2_ERF_22 

letter-probability matrix: alength= 4 w= 10 nsites= 1 E= 0
  0.177602	  0.375650	  0.269146	  0.177602	
  0.303444	  0.499739	  0.097615	  0.099201	
  0.003414	  0.001831	  0.991341	  0.003414	
  0.003414	  0.991341	  0.001831	  0.003414	
  0.003414	  0.991341	  0.001831	  0.003414	
  0.003414	  0.001831	  0.991341	  0.003414	
  0.003414	  0.991341	  0.001831	  0.003414	
  0.003414	  0.991341	  0.001831	  0.003414	
  0.359131	  0.075067	  0.489143	  0.076658	
  0.155034	  0.254618	  0.240049	  0.350299	

MOTIF AP2_ERF_23 

letter-probability matrix: alength= 4 w= 8 nsites= 1 E= 0
  0.218476	  0.475046	  0.281487	  0.024991	
  0.003428	  0.049720	  0.943425	  0.003428	
  0.019389	  0.943412	  0.033772	  0.003427	
  0.003428	  0.975333	  0.017812	  0.003428	
  0.003428	  0.017812	  0.975333	  0.003428	
  0.099175	  0.640251	  0.145462	  0.115113	
  0.003433	  0.991283	  0.001851	  0.003433	
  0.459902	  0.103377	  0.281068	  0.155652	

MOTIF AP2_ERF_24 

letter-probability matrix: alength= 4 w= 10 nsites= 1 E= 0
  0.274062	  0.272434	  0.200264	  0.253240	
  0.231573	  0.272427	  0.264427	  0.231573	
  0.278616	  0.366211	  0.188123	  0.167050	
  0.146326	  0.059279	  0.739521	  0.054874	
  0.117705	  0.609477	  0.175878	  0.096941	
  0.187319	  0.663868	  0.072895	  0.075917	
  0.214585	  0.120076	  0.581972	  0.083367	
  0.198536	  0.350351	  0.207025	  0.244088	
  0.168106	  0.600751	  0.105758	  0.125385	
  0.320457	  0.291709	  0.174053	  0.213781	

MOTIF AP2_ERF_25 

letter-probability matrix: alength= 4 w= 8 nsites= 1 E= 0
  0.215810	  0.315470	  0.269167	  0.199552	
  0.249214	  0.354092	  0.221933	  0.174761	
  0.097919	  0.063834	  0.798008	  0.040239	
  0.028650	  0.739896	  0.166362	  0.065093	
  0.152596	  0.763411	  0.011610	  0.072383	
  0.193527	  0.040089	  0.750201	  0.016183	
  0.191131	  0.445769	  0.169972	  0.193128	
  0.127055	  0.672343	  0.100014	  0.100588	

MOTIF AP2_ERF_26 

letter-probability matrix: alength= 4 w= 8 nsites= 1 E= 0
  0.170251	  0.513207	  0.224162	  0.092381	
  0.067451	  0.720896	  0.115732	  0.095921	
  0.026899	  0.019418	  0.944465	  0.009218	
  0.015107	  0.891461	  0.084216	  0.009216	
  0.015106	  0.968048	  0.013519	  0.003327	
  0.009218	  0.007634	  0.979820	  0.003328	
  0.059020	  0.657571	  0.131599	  0.151810	
  0.125142	  0.793617	  0.039817	  0.041425	

MOTIF AP2_ERF_27 

letter-probability matrix: alength= 4 w= 8 nsites= 1 E= 0
  0.201327	  0.496770	  0.133661	  0.168242	
  0.030025	  0.055183	  0.884766	  0.030025	
  0.029325	  0.600948	  0.340402	  0.029325	
  0.029336	  0.887524	  0.053804	  0.029336	
  0.081424	  0.027731	  0.835461	  0.055384	
  0.029339	  0.236184	  0.705139	  0.029339	
  0.030024	  0.911506	  0.028445	  0.030024	
  0.105659	  0.582174	  0.172363	  0.139804	

MOTIF AP2_ERF_28 

letter-probability matrix: alength= 4 w= 10 nsites= 1 E= 0
  0.249637	  0.387871	  0.265843	  0.096649	
  0.138997	  0.714929	  0.133311	  0.012763	
  0.383589	  0.002354	  0.610211	  0.003846	
  0.004287	  0.788894	  0.186455	  0.020364	
  0.004376	  0.947796	  0.002363	  0.045465	
  0.203142	  0.010779	  0.706278	  0.079802	
  0.165872	  0.674032	  0.080041	  0.080055	
  0.348334	  0.350209	  0.155102	  0.146355	
  0.253918	  0.163027	  0.423133	  0.159922	
  0.185499	  0.238032	  0.171613	  0.404856	

MOTIF AP2_ERF_29 

letter-probability matrix: alength= 4 w= 10 nsites= 1 E= 0
  0.198840	  0.314648	  0.224504	  0.262008	
  0.191651	  0.392750	  0.170481	  0.245119	
  0.522172	  0.040631	  0.414007	  0.023189	
  0.010531	  0.957204	  0.010033	  0.022232	
  0.015178	  0.972133	  0.003327	  0.009362	
  0.008010	  0.004132	  0.980899	  0.006959	
  0.656336	  0.140305	  0.086608	  0.116751	
  0.036590	  0.904835	  0.012549	  0.046026	
  0.471224	  0.120626	  0.241085	  0.167065	
  0.241253	  0.272769	  0.235003	  0.250976	

MOTIF AP2_ERF_3 

letter-probability matrix: alength= 4 w= 9 nsites= 1 E= 0
  0.217879	  0.321655	  0.261084	  0.199381	
  0.297426	  0.467678	  0.114355	  0.120541	
  0.056387	  0.001778	  0.938540	  0.003295	
  0.060356	  0.825663	  0.048888	  0.065093	
  0.129080	  0.778259	  0.033968	  0.058693	
  0.207155	  0.093284	  0.614196	  0.085365	
  0.242938	  0.344995	  0.133198	  0.278869	
  0.130077	  0.675685	  0.067894	  0.126345	
  0.307460	  0.318300	  0.141067	  0.233173	

MOTIF AP2_ERF_30 

letter-probability matrix: alength= 4 w= 8 nsites= 1 E= 0
  0.219236	  0.097752	  0.482390	  0.200623	
  0.269573	  0.361098	  0.191108	  0.178222	
  0.071571	  0.696521	  0.093833	  0.138075	
  0.235491	  0.111295	  0.620051	  0.033164	
  0.128737	  0.055292	  0.776045	  0.039927	
  0.004525	  0.944608	  0.002470	  0.048397	
  0.327948	  0.185212	  0.378733	  0.108107	
  0.240103	  0.318296	  0.255685	  0.185916	

MOTIF AP2_ERF_31 

letter-probability matrix: alength= 4 w= 8 nsites= 1 E= 0
  0.102840	  0.594422	  0.101290	  0.201448	
  0.744580	  0.002301	  0.249236	  0.003883	
  0.003883	  0.989933	  0.002301	  0.003883	
  0.003883	  0.989933	  0.002301	  0.003883	
  0.003883	  0.002301	  0.989933	  0.003883	
  0.991513	  0.002301	  0.002301	  0.003884	
  0.003883	  0.989933	  0.002301	  0.003883	
  0.915176	  0.002442	  0.078357	  0.004025	

MOTIF AP2_ERF_32 

letter-probability matrix: alength= 4 w= 10 nsites= 1 E= 0
  0.182298	  0.549977	  0.129090	  0.138635	
  0.581542	  0.001862	  0.413234	  0.003363	
  0.004229	  0.925744	  0.066324	  0.003702	
  0.004426	  0.960095	  0.001773	  0.033707	
  0.095872	  0.008422	  0.780423	  0.115283	
  0.495167	  0.240993	  0.081337	  0.182502	
  0.101070	  0.815918	  0.002048	  0.080964	
  0.271320	  0.546443	  0.053628	  0.128609	
  0.466816	  0.141219	  0.160651	  0.231314	
  0.269239	  0.244522	  0.188945	  0.297294	

MOTIF AP2_ERF_33 

letter-probability matrix: alength= 4 w= 10 nsites= 1 E= 0
  0.190134	  0.239304	  0.389559	  0.181003	
  0.102442	  0.433379	  0.344530	  0.119649	
  0.223758	  0.601168	  0.117998	  0.057075	
  0.017652	  0.002283	  0.905533	  0.074532	
  0.003454	  0.989112	  0.003665	  0.003769	
  0.045235	  0.943046	  0.005304	  0.006415	
  0.038982	  0.028971	  0.896126	  0.035920	
  0.172312	  0.514742	  0.101245	  0.211701	
  0.236621	  0.655868	  0.038035	  0.069476	
  0.476170	  0.133265	  0.239048	  0.151517	

MOTIF AP2_ERF_34 

letter-probability matrix: alength= 4 w= 10 nsites= 1 E= 0
  0.153640	  0.320035	  0.204660	  0.321664	
  0.141899	  0.277895	  0.239420	  0.340786	
  0.459652	  0.020281	  0.500795	  0.019272	
  0.006319	  0.940604	  0.002100	  0.050977	
  0.009390	  0.985592	  0.001684	  0.003334	
  0.003925	  0.005572	  0.982483	  0.008020	
  0.966846	  0.004219	  0.015283	  0.013653	
  0.003880	  0.988865	  0.002153	  0.005102	
  0.562905	  0.136942	  0.158839	  0.141313	
  0.167296	  0.126846	  0.118434	  0.587424	

MOTIF AP2_ERF_35 

letter-probability matrix: alength= 4 w= 10 nsites= 1 E= 0
  0.203214	  0.567898	  0.098121	  0.130767	
  0.041191	  0.001863	  0.950720	  0.006226	
  0.012481	  0.900911	  0.064590	  0.022018	
  0.115848	  0.801037	  0.032689	  0.050426	
  0.077253	  0.054348	  0.834138	  0.034261	
  0.155313	  0.449651	  0.150818	  0.244219	
  0.198799	  0.600822	  0.059417	  0.140962	
  0.447371	  0.175334	  0.184178	  0.193117	
  0.273229	  0.205871	  0.184515	  0.336385	
  0.290401	  0.206147	  0.192209	  0.311244	

MOTIF AP2_ERF_4 

letter-probability matrix: alength= 4 w= 8 nsites= 1 E= 0
  0.102827	  0.693026	  0.101319	  0.102827	
  0.003973	  0.002390	  0.989665	  0.003973	
  0.003971	  0.848647	  0.143412	  0.003971	
  0.003973	  0.989665	  0.002390	  0.003973	
  0.003971	  0.072915	  0.919143	  0.003971	
  0.003973	  0.002390	  0.989665	  0.003973	
  0.004025	  0.989508	  0.002443	  0.004025	
  0.620035	  0.249327	  0.126141	  0.004498	

MOTIF AP2_ERF_5 

letter-probability matrix: alength= 4 w= 10 nsites= 1 E= 0
  0.207255	  0.311271	  0.314525	  0.166949	
  0.214743	  0.490543	  0.123403	  0.171310	
  0.111087	  0.001732	  0.879969	  0.007213	
  0.027780	  0.828154	  0.056093	  0.087973	
  0.147210	  0.698685	  0.052436	  0.101669	
  0.133745	  0.011449	  0.820927	  0.033880	
  0.191890	  0.380540	  0.154119	  0.273451	
  0.259314	  0.486172	  0.077888	  0.176626	
  0.423243	  0.162141	  0.180782	  0.233834	
  0.276573	  0.195806	  0.203697	  0.323925	

MOTIF AP2_ERF_6 

letter-probability matrix: alength= 4 w= 10 nsites= 1 E= 0
  0.255898	  0.254412	  0.212751	  0.276939	
  0.232199	  0.273011	  0.264994	  0.229797	
  0.290006	  0.318806	  0.236638	  0.154551	
  0.134091	  0.081046	  0.717911	  0.066952	
  0.096748	  0.685380	  0.141118	  0.076754	
  0.174337	  0.695705	  0.043451	  0.086506	
  0.161152	  0.025314	  0.768489	  0.045045	
  0.179144	  0.461304	  0.145772	  0.213779	
  0.123140	  0.677819	  0.090494	  0.108546	
  0.342300	  0.222354	  0.220207	  0.215138	

MOTIF AP2_ERF_7 

letter-probability matrix: alength= 4 w= 10 nsites= 1 E= 0
  0.180210	  0.347311	  0.273630	  0.198849	
  0.256824	  0.440863	  0.173187	  0.129126	
  0.077444	  0.030078	  0.878335	  0.014144	
  0.039511	  0.758881	  0.144280	  0.057328	
  0.105527	  0.795663	  0.043232	  0.055579	
  0.115011	  0.083644	  0.741439	  0.059906	
  0.183454	  0.410668	  0.119995	  0.285882	
  0.277178	  0.452954	  0.093716	  0.176151	
  0.386578	  0.207817	  0.192027	  0.213578	
  0.286661	  0.211535	  0.191573	  0.310231	

MOTIF AP2_ERF_8 

letter-probability matrix: alength= 4 w= 9 nsites= 1 E= 0
  0.194663	  0.292917	  0.313941	  0.198478	
  0.198714	  0.467902	  0.174861	  0.158523	
  0.021076	  0.001963	  0.973525	  0.003436	
  0.063607	  0.821787	  0.087282	  0.027324	
  0.100051	  0.675171	  0.077071	  0.147707	
  0.181006	  0.001759	  0.813729	  0.003506	
  0.140119	  0.416745	  0.212015	  0.231122	
  0.224956	  0.401431	  0.192406	  0.181207	
  0.351206	  0.208468	  0.230191	  0.210135	

MOTIF AP2_ERF_9 

letter-probability matrix: alength= 4 w= 10 nsites= 20 E= 0
  0.294158	  0.255715	  0.276549	  0.173579	
  0.156629	  0.526816	  0.156190	  0.160364	
  0.003360	  0.001777	  0.991503	  0.003360	
  0.003361	  0.904397	  0.088882	  0.003361	
  0.003360	  0.991503	  0.001777	  0.003360	
  0.003360	  0.001777	  0.991503	  0.003360	
  0.003360	  0.001777	  0.991503	  0.003360	
  0.003360	  0.991503	  0.001777	  0.003360	
  0.533103	  0.166135	  0.220131	  0.080631	
  0.180065	  0.178566	  0.350269	  0.291100	

MOTIF AT 

letter-probability matrix: alength= 4 w= 9 nsites= 1 E= 0
  0.242455	  0.266014	  0.260720	  0.230812	
  0.210594	  0.304881	  0.249882	  0.234643	
  0.345002	  0.181931	  0.301757	  0.171310	
  0.329727	  0.179012	  0.250890	  0.240372	
  0.410491	  0.044170	  0.201829	  0.343510	
  0.706813	  0.048941	  0.002192	  0.242054	
  0.881310	  0.002594	  0.046279	  0.069817	
  0.453424	  0.011357	  0.039383	  0.495836	
  0.213688	  0.177435	  0.098166	  0.510711	

MOTIF AT_1 

letter-probability matrix: alength= 4 w= 10 nsites= 1 E= 0
  0.248894	  0.153022	  0.247554	  0.350529	
  0.826941	  0.025703	  0.025703	  0.121654	
  0.293285	  0.001911	  0.001911	  0.702893	
  0.698281	  0.001912	  0.001912	  0.297896	
  0.003495	  0.001911	  0.001911	  0.992683	
  0.797825	  0.001911	  0.001911	  0.198353	
  0.683460	  0.001912	  0.001912	  0.312717	
  0.297896	  0.001912	  0.001912	  0.698281	
  0.214273	  0.098123	  0.098123	  0.589482	
  0.322118	  0.225449	  0.225449	  0.226984	

MOTIF B3 

letter-probability matrix: alength= 4 w= 8 nsites= 1 E= 0
  0.006546	  0.004940	  0.981967	  0.006546	
  0.005737	  0.984394	  0.004133	  0.005737	
  0.986044	  0.004119	  0.004119	  0.005718	
  0.005718	  0.004119	  0.004119	  0.986044	
  0.005737	  0.004133	  0.984394	  0.005737	
  0.005737	  0.984394	  0.004133	  0.005737	
  0.986044	  0.004119	  0.004119	  0.005718	
  0.006531	  0.004928	  0.329945	  0.658596	

MOTIF B3_1 

letter-probability matrix: alength= 4 w= 11 nsites= 1 E= 0
  0.220813	  0.176437	  0.243540	  0.359210	
  0.198486	  0.332964	  0.337144	  0.131406	
  0.007334	  0.967385	  0.001683	  0.023598	
  0.993368	  0.001682	  0.001682	  0.003267	
  0.003267	  0.001682	  0.001682	  0.993368	
  0.003271	  0.001684	  0.991775	  0.003271	
  0.003271	  0.991775	  0.001684	  0.003271	
  0.615450	  0.062632	  0.318650	  0.003268	
  0.237162	  0.444814	  0.123645	  0.194379	
  0.466851	  0.176454	  0.091149	  0.265546	
  0.198463	  0.162248	  0.127739	  0.511549	

MOTIF B3_2 

letter-probability matrix: alength= 4 w= 9 nsites= 1 E= 0
  0.081703	  0.599734	  0.040876	  0.277687	
  0.013075	  0.021298	  0.952551	  0.013075	
  0.013173	  0.981875	  0.001683	  0.003268	
  0.983458	  0.001684	  0.001684	  0.013175	
  0.013072	  0.001683	  0.011482	  0.973763	
  0.003268	  0.001683	  0.981875	  0.013173	
  0.013075	  0.952551	  0.021298	  0.013075	
  0.290482	  0.031389	  0.585762	  0.092367	
  0.151837	  0.437227	  0.249214	  0.161722	

MOTIF B3_3 

letter-probability matrix: alength= 4 w= 9 nsites= 1 E= 0
  0.220976	  0.130475	  0.150293	  0.498256	
  0.023055	  0.080945	  0.833405	  0.062595	
  0.013257	  0.961800	  0.011685	  0.013257	
  0.963626	  0.011601	  0.011601	  0.013171	
  0.013171	  0.011601	  0.011601	  0.963626	
  0.013152	  0.021483	  0.952212	  0.013152	
  0.052712	  0.843331	  0.071010	  0.032947	
  0.533142	  0.151825	  0.161822	  0.153211	
  0.250594	  0.090830	  0.595971	  0.062605	

MOTIF B3_4 

letter-probability matrix: alength= 4 w= 9 nsites= 1 E= 0
  0.219947	  0.216289	  0.334954	  0.228811	
  0.091383	  0.646571	  0.138589	  0.123457	
  0.115684	  0.791723	  0.028857	  0.063736	
  0.083949	  0.003316	  0.856460	  0.056276	
  0.980304	  0.001910	  0.014429	  0.003357	
  0.063091	  0.892782	  0.003076	  0.041051	
  0.900313	  0.090767	  0.001684	  0.007236	
  0.409069	  0.106966	  0.257961	  0.226004	
  0.293043	  0.204050	  0.232128	  0.270779	

MOTIF C2H2 

letter-probability matrix: alength= 4 w= 7 nsites= 1 E= 0
  0.237736	  0.268839	  0.238625	  0.254800	
  0.323386	  0.245996	  0.170484	  0.260134	
  0.150994	  0.606652	  0.060536	  0.181817	
  0.716550	  0.001707	  0.227592	  0.054151	
  0.010733	  0.603980	  0.381717	  0.003570	
  0.194616	  0.126226	  0.008010	  0.671148	
  0.240220	  0.294188	  0.243469	  0.222123	

MOTIF C2H2_1 

letter-probability matrix: alength= 4 w= 13 nsites= 20 E= 0
  0.227885	  0.318985	  0.225244	  0.227885	
  0.572631	  0.170383	  0.171093	  0.085893	
  0.179689	  0.084013	  0.475578	  0.260720	
  0.085949	  0.263670	  0.171206	  0.479175	
  0.646506	  0.144578	  0.149676	  0.059241	
  0.003404	  0.991390	  0.001803	  0.003404	
  0.798452	  0.001794	  0.001794	  0.197960	
  0.003403	  0.796858	  0.196336	  0.003403	
  0.026869	  0.025160	  0.025160	  0.922810	
  0.291035	  0.267469	  0.272711	  0.168786	
  0.270098	  0.166401	  0.287919	  0.275582	
  0.275524	  0.166366	  0.267281	  0.290830	
  0.195506	  0.192972	  0.314573	  0.296949	

MOTIF C2H2_2 

letter-probability matrix: alength= 4 w= 9 nsites= 1 E= 0
  0.286069	  0.221996	  0.252544	  0.239390	
  0.257526	  0.258450	  0.234061	  0.249963	
  0.229064	  0.243838	  0.258815	  0.268283	
  0.233812	  0.251493	  0.248892	  0.265802	
  0.256215	  0.192856	  0.289693	  0.261236	
  0.653219	  0.096042	  0.103867	  0.146873	
  0.643690	  0.002441	  0.087511	  0.266358	
  0.080468	  0.555064	  0.324373	  0.040095	
  0.265100	  0.142475	  0.135633	  0.456792	

MOTIF C2H2_3 

letter-probability matrix: alength= 4 w= 7 nsites= 1 E= 0
  0.249202	  0.262870	  0.228683	  0.259245	
  0.276742	  0.236949	  0.204142	  0.282166	
  0.171543	  0.450212	  0.123937	  0.254307	
  0.750193	  0.001774	  0.231224	  0.016808	
  0.013683	  0.682326	  0.278458	  0.025533	
  0.273565	  0.076097	  0.020978	  0.629360	
  0.213973	  0.288878	  0.244098	  0.253051	

MOTIF C2H2_4 

letter-probability matrix: alength= 4 w= 7 nsites= 1 E= 0
  0.216415	  0.272525	  0.225697	  0.285363	
  0.352493	  0.222096	  0.127560	  0.297851	
  0.094122	  0.640051	  0.050041	  0.215786	
  0.852310	  0.001906	  0.069978	  0.075806	
  0.009131	  0.584640	  0.400430	  0.005799	
  0.120351	  0.098475	  0.002919	  0.778255	
  0.243272	  0.312782	  0.232166	  0.211780	

MOTIF C2H2_5 

letter-probability matrix: alength= 4 w= 7 nsites= 1 E= 0
  0.244415	  0.242970	  0.245339	  0.267276	
  0.283710	  0.229082	  0.186072	  0.301136	
  0.197803	  0.397377	  0.080805	  0.324015	
  0.683661	  0.001787	  0.247037	  0.067515	
  0.040789	  0.560101	  0.336986	  0.062125	
  0.235428	  0.079760	  0.031267	  0.653545	
  0.214860	  0.293192	  0.240301	  0.251647	

MOTIF C2H2_6 

letter-probability matrix: alength= 4 w= 7 nsites= 1 E= 0
  0.298881	  0.192082	  0.251180	  0.257857	
  0.243912	  0.267680	  0.172969	  0.315439	
  0.329971	  0.306415	  0.149951	  0.213663	
  0.788511	  0.027363	  0.130160	  0.053966	
  0.004888	  0.553523	  0.343341	  0.098247	
  0.290533	  0.004047	  0.023453	  0.681967	
  0.241553	  0.259816	  0.242417	  0.256213	

MOTIF C2H2_7 

letter-probability matrix: alength= 4 w= 7 nsites= 1 E= 0
  0.236253	  0.251720	  0.232434	  0.279594	
  0.330475	  0.216749	  0.156377	  0.296399	
  0.149902	  0.508590	  0.065633	  0.275875	
  0.778504	  0.003686	  0.147651	  0.070159	
  0.034382	  0.513806	  0.373530	  0.078281	
  0.185671	  0.098913	  0.042816	  0.672600	
  0.229948	  0.304786	  0.233075	  0.232191	

MOTIF C2H2_8 

letter-probability matrix: alength= 4 w= 8 nsites= 1 E= 0
  0.252594	  0.238612	  0.243457	  0.265336	
  0.210924	  0.242767	  0.265474	  0.280835	
  0.229126	  0.253676	  0.246227	  0.270971	
  0.257196	  0.175165	  0.305403	  0.262236	
  0.750935	  0.050893	  0.089598	  0.108575	
  0.651477	  0.002078	  0.066001	  0.280444	
  0.056911	  0.530968	  0.397685	  0.014436	
  0.191198	  0.215533	  0.068725	  0.524544	

MOTIF C2H2_ZF 

letter-probability matrix: alength= 4 w= 7 nsites= 1 E= 0
  0.252380	  0.263654	  0.234022	  0.249943	
  0.289881	  0.243430	  0.182577	  0.284112	
  0.160144	  0.477805	  0.089529	  0.272522	
  0.781587	  0.003814	  0.180557	  0.034042	
  0.032993	  0.586966	  0.353149	  0.026892	
  0.264540	  0.125139	  0.019595	  0.590726	
  0.229015	  0.303247	  0.229659	  0.238080	

MOTIF CG-1 

letter-probability matrix: alength= 4 w= 9 nsites= 1 E= 0
  0.312929	  0.202907	  0.219744	  0.264420	
  0.327068	  0.236621	  0.175756	  0.260555	
  0.392543	  0.121154	  0.242308	  0.243995	
  0.221016	  0.435640	  0.304436	  0.038908	
  0.029365	  0.946866	  0.009228	  0.014541	
  0.021406	  0.012134	  0.962043	  0.004417	
  0.034291	  0.676416	  0.008808	  0.280485	
  0.011173	  0.008219	  0.962037	  0.018571	
  0.010679	  0.012516	  0.054783	  0.922023	

MOTIF CG-1_1 

letter-probability matrix: alength= 4 w= 9 nsites= 1 E= 0
  0.234238	  0.536832	  0.183461	  0.045470	
  0.017146	  0.965628	  0.006261	  0.010965	
  0.034726	  0.001996	  0.953725	  0.009553	
  0.070479	  0.659222	  0.002477	  0.267821	
  0.039863	  0.001725	  0.955085	  0.003326	
  0.004586	  0.002482	  0.001688	  0.991244	
  0.231737	  0.272637	  0.210523	  0.285104	
  0.290487	  0.246565	  0.248969	  0.213980	
  0.241548	  0.257363	  0.249806	  0.251283	

MOTIF CSD 

letter-probability matrix: alength= 4 w= 8 nsites= 1 E= 0
  0.978852	  0.006516	  0.006516	  0.008117	
  0.983631	  0.004924	  0.004924	  0.006520	
  0.332341	  0.004926	  0.004926	  0.657807	
  0.983631	  0.004924	  0.004924	  0.006520	
  0.983631	  0.004924	  0.004924	  0.006520	
  0.983631	  0.004924	  0.004924	  0.006520	
  0.983631	  0.004924	  0.004924	  0.006520	
  0.658428	  0.330113	  0.004931	  0.006529	

MOTIF CxC 

letter-probability matrix: alength= 4 w= 8 nsites= 1 E= 0
  0.495902	  0.004131	  0.249078	  0.250890	
  0.005233	  0.003646	  0.003646	  0.987476	
  0.005233	  0.003646	  0.003646	  0.987476	
  0.005234	  0.199938	  0.003646	  0.791182	
  0.791182	  0.003646	  0.199938	  0.005234	
  0.987476	  0.003646	  0.003646	  0.005233	
  0.987476	  0.003646	  0.003646	  0.005233	
  0.201794	  0.396253	  0.003646	  0.398307	

MOTIF CxC_1 

letter-probability matrix: alength= 4 w= 10 nsites= 1 E= 0
  0.316004	  0.227451	  0.227451	  0.229095	
  0.591433	  0.026258	  0.250156	  0.132154	
  0.003363	  0.001779	  0.001779	  0.993078	
  0.003363	  0.001779	  0.001779	  0.993078	
  0.003363	  0.094959	  0.001779	  0.899899	
  0.225490	  0.001780	  0.769367	  0.003363	
  0.993078	  0.001779	  0.001779	  0.003363	
  0.993078	  0.001779	  0.001779	  0.003363	
  0.117524	  0.224788	  0.023481	  0.634207	
  0.226315	  0.224692	  0.224692	  0.324301	

MOTIF CxC_2 

letter-probability matrix: alength= 4 w= 10 nsites= 1 E= 0
  0.520811	  0.122534	  0.176685	  0.179971	
  0.502346	  0.071059	  0.132418	  0.294176	
  0.119100	  0.091357	  0.054321	  0.735221	
  0.063058	  0.043714	  0.023393	  0.869835	
  0.023727	  0.420183	  0.045345	  0.510745	
  0.510745	  0.045345	  0.420183	  0.023727	
  0.869835	  0.023393	  0.043714	  0.063058	
  0.735221	  0.054321	  0.091357	  0.119100	
  0.294176	  0.132418	  0.071059	  0.502346	
  0.179971	  0.176685	  0.122534	  0.520811	

MOTIF CxC_3 

letter-probability matrix: alength= 4 w= 8 nsites= 1 E= 0
  0.258816	  0.097713	  0.416590	  0.226880	
  0.022117	  0.020532	  0.001870	  0.955482	
  0.003433	  0.001848	  0.001848	  0.992871	
  0.035871	  0.147792	  0.018069	  0.798268	
  0.327991	  0.001846	  0.601830	  0.068333	
  0.976654	  0.001846	  0.018068	  0.003431	
  0.925753	  0.001851	  0.001851	  0.070546	
  0.277169	  0.107138	  0.001894	  0.613799	

MOTIF Dof 

letter-probability matrix: alength= 4 w= 10 nsites= 20 E= 0
  0.249916	  0.250864	  0.249823	  0.249397	
  0.052822	  0.051287	  0.744192	  0.151699	
  0.595372	  0.001927	  0.001927	  0.400775	
  0.003509	  0.001926	  0.001926	  0.992639	
  0.992639	  0.001926	  0.001926	  0.003509	
  0.992639	  0.001926	  0.001926	  0.003509	
  0.003510	  0.991054	  0.001926	  0.003510	
  0.003510	  0.001926	  0.991054	  0.003510	
  0.300286	  0.199557	  0.101171	  0.398985	
  0.201438	  0.299343	  0.199972	  0.299247	

MOTIF Dof_1 

letter-probability matrix: alength= 4 w= 8 nsites= 1 E= 0
  0.254859	  0.255685	  0.260876	  0.228580	
  0.363395	  0.170079	  0.226609	  0.239917	
  0.431536	  0.084742	  0.108309	  0.375413	
  0.948401	  0.035853	  0.002186	  0.013561	
  0.921764	  0.041410	  0.002285	  0.034541	
  0.610316	  0.306147	  0.056732	  0.026805	
  0.052455	  0.029216	  0.877146	  0.041184	
  0.153322	  0.246611	  0.212467	  0.387600	

MOTIF Dof_10 

letter-probability matrix: alength= 4 w= 8 nsites= 1 E= 0
  0.239190	  0.255775	  0.263513	  0.241523	
  0.281579	  0.242378	  0.228352	  0.247691	
  0.259338	  0.203997	  0.198006	  0.338659	
  0.495914	  0.139262	  0.174812	  0.190012	
  0.501230	  0.174980	  0.174980	  0.148810	
  0.238797	  0.492628	  0.045771	  0.222805	
  0.241240	  0.072960	  0.533758	  0.152042	
  0.274314	  0.220159	  0.220159	  0.285369	

MOTIF Dof_11 

letter-probability matrix: alength= 4 w= 10 nsites= 1 E= 0
  0.333443	  0.282811	  0.234215	  0.149531	
  0.604830	  0.093234	  0.150308	  0.151627	
  0.689267	  0.017610	  0.041884	  0.251239	
  0.974039	  0.011961	  0.005427	  0.008573	
  0.972556	  0.011656	  0.004078	  0.011710	
  0.862872	  0.030387	  0.081425	  0.025316	
  0.020582	  0.008918	  0.961225	  0.009275	
  0.055837	  0.293566	  0.154615	  0.495982	
  0.328382	  0.078066	  0.392248	  0.201304	
  0.299247	  0.280836	  0.155588	  0.264329	

MOTIF Dof_2 

letter-probability matrix: alength= 4 w= 9 nsites= 1 E= 0
  0.260190	  0.246011	  0.238787	  0.255012	
  0.247323	  0.227136	  0.285315	  0.240227	
  0.366110	  0.174767	  0.217413	  0.241710	
  0.375870	  0.116182	  0.132078	  0.375870	
  0.789911	  0.060703	  0.031883	  0.117502	
  0.736410	  0.099908	  0.041629	  0.122053	
  0.470577	  0.384395	  0.057220	  0.087808	
  0.146685	  0.038127	  0.704637	  0.110552	
  0.195817	  0.232248	  0.184890	  0.387046	

MOTIF Dof_3 

letter-probability matrix: alength= 4 w= 9 nsites= 1 E= 0
  0.445491	  0.143135	  0.219068	  0.192305	
  0.604337	  0.030722	  0.066312	  0.298629	
  0.987608	  0.004301	  0.002803	  0.005288	
  0.982418	  0.006472	  0.001694	  0.009417	
  0.874402	  0.028525	  0.083931	  0.013142	
  0.021743	  0.008148	  0.961049	  0.009060	
  0.072882	  0.289512	  0.159729	  0.477877	
  0.223552	  0.102640	  0.491977	  0.181832	
  0.286951	  0.341240	  0.168621	  0.203187	

MOTIF Dof_4 

letter-probability matrix: alength= 4 w= 8 nsites= 1 E= 0
  0.243557	  0.254362	  0.272618	  0.229463	
  0.311907	  0.204590	  0.244652	  0.238852	
  0.345847	  0.146688	  0.168500	  0.338964	
  0.803779	  0.067428	  0.043601	  0.085193	
  0.794247	  0.092929	  0.017389	  0.095435	
  0.500522	  0.400847	  0.019493	  0.079138	
  0.113023	  0.033756	  0.773412	  0.079809	
  0.196719	  0.255223	  0.209327	  0.338731	

MOTIF Dof_5 

letter-probability matrix: alength= 4 w= 7 nsites= 1 E= 0
  0.380231	  0.170881	  0.232462	  0.216426	
  0.425325	  0.091236	  0.127516	  0.355923	
  0.802005	  0.071983	  0.019898	  0.106114	
  0.810001	  0.067224	  0.002368	  0.120407	
  0.654310	  0.250896	  0.017148	  0.077646	
  0.083637	  0.074346	  0.755969	  0.086048	
  0.178707	  0.240780	  0.209466	  0.371046	

MOTIF Dof_6 

letter-probability matrix: alength= 4 w= 8 nsites= 1 E= 0
  0.250799	  0.002506	  0.578104	  0.168591	
  0.607552	  0.002231	  0.002231	  0.387987	
  0.273353	  0.002132	  0.002132	  0.722383	
  0.992019	  0.002132	  0.002132	  0.003717	
  0.902182	  0.002132	  0.091969	  0.003717	
  0.407975	  0.541244	  0.002132	  0.048649	
  0.048643	  0.002132	  0.945509	  0.003717	
  0.061978	  0.118479	  0.002265	  0.817278	

MOTIF Dof_7 

letter-probability matrix: alength= 4 w= 7 nsites= 1 E= 0
  0.246600	  0.247087	  0.262264	  0.244050	
  0.325545	  0.213273	  0.228580	  0.232601	
  0.394202	  0.129126	  0.146793	  0.329879	
  0.835910	  0.062252	  0.018367	  0.083471	
  0.844666	  0.081069	  0.001949	  0.072316	
  0.606402	  0.329007	  0.015168	  0.049424	
  0.068248	  0.052767	  0.761956	  0.117029	

MOTIF Dof_8 

letter-probability matrix: alength= 4 w= 11 nsites= 1 E= 0
  0.226202	  0.323165	  0.224431	  0.226202	
  0.203740	  0.202004	  0.390517	  0.203740	
  0.409200	  0.105370	  0.189798	  0.295633	
  0.206102	  0.101186	  0.086695	  0.606017	
  0.992771	  0.001882	  0.001882	  0.003466	
  0.992771	  0.001882	  0.001882	  0.003466	
  0.087962	  0.906689	  0.001882	  0.003467	
  0.003466	  0.001882	  0.991186	  0.003466	
  0.028158	  0.026559	  0.026559	  0.918723	
  0.249738	  0.049008	  0.049008	  0.652247	
  0.264743	  0.145624	  0.145624	  0.444009	

MOTIF Dof_9 

letter-probability matrix: alength= 4 w= 10 nsites= 1 E= 0
  0.251847	  0.257830	  0.255341	  0.234982	
  0.320811	  0.196237	  0.249078	  0.233873	
  0.413944	  0.100927	  0.135595	  0.349534	
  0.807118	  0.073187	  0.039767	  0.079928	
  0.826291	  0.064686	  0.004946	  0.104077	
  0.654642	  0.231912	  0.027963	  0.085483	
  0.068063	  0.024824	  0.839661	  0.067452	
  0.171057	  0.239886	  0.230433	  0.358624	
  0.268446	  0.188492	  0.269355	  0.273707	
  0.288683	  0.208834	  0.267838	  0.234646	

MOTIF E2F 

letter-probability matrix: alength= 4 w= 10 nsites= 1 E= 0
  0.205525	  0.147391	  0.074569	  0.572515	
  0.201304	  0.026863	  0.296024	  0.475808	
  0.088405	  0.545482	  0.323000	  0.043113	
  0.003340	  0.198128	  0.795265	  0.003267	
  0.003268	  0.991779	  0.001684	  0.003268	
  0.003268	  0.001684	  0.991779	  0.003268	
  0.003267	  0.795265	  0.198128	  0.003340	
  0.043113	  0.323000	  0.545482	  0.088405	
  0.475808	  0.296024	  0.026863	  0.201304	
  0.572515	  0.074569	  0.147391	  0.205525	

MOTIF EIN3 

letter-probability matrix: alength= 4 w= 11 nsites= 1 E= 0
  0.205584	  0.385049	  0.203784	  0.205584	
  0.692484	  0.101966	  0.101966	  0.103583	
  0.025791	  0.024186	  0.924232	  0.025791	
  0.497496	  0.001830	  0.497260	  0.003414	
  0.003414	  0.001830	  0.001830	  0.992926	
  0.504040	  0.001830	  0.001830	  0.492300	
  0.003415	  0.991339	  0.001830	  0.003415	
  0.992926	  0.001830	  0.001830	  0.003414	
  0.048715	  0.047099	  0.047099	  0.857088	
  0.150719	  0.148986	  0.148986	  0.551309	
  0.228463	  0.316296	  0.226777	  0.228463	

MOTIF EIN3_1 

letter-probability matrix: alength= 4 w= 9 nsites= 1 E= 0
  0.416847	  0.257682	  0.180324	  0.145147	
  0.111144	  0.186801	  0.102278	  0.599777	
  0.079136	  0.129279	  0.609019	  0.182565	
  0.307924	  0.203870	  0.048185	  0.440022	
  0.728416	  0.080432	  0.009049	  0.182104	
  0.112092	  0.409187	  0.002150	  0.476570	
  0.126889	  0.455244	  0.191672	  0.226195	
  0.219073	  0.196903	  0.202860	  0.381164	
  0.307868	  0.175733	  0.282918	  0.233482	

MOTIF EIN3_2 

letter-probability matrix: alength= 4 w= 10 nsites= 1 E= 0
  0.244153	  0.220600	  0.280196	  0.255051	
  0.241072	  0.159341	  0.355319	  0.244268	
  0.447454	  0.094173	  0.344711	  0.113661	
  0.088140	  0.186157	  0.002765	  0.722938	
  0.297653	  0.049837	  0.474787	  0.177723	
  0.177723	  0.474787	  0.049837	  0.297653	
  0.722938	  0.002765	  0.186157	  0.088140	
  0.113661	  0.344711	  0.094173	  0.447454	
  0.244268	  0.355319	  0.159341	  0.241072	
  0.255051	  0.280196	  0.220600	  0.244153	

MOTIF FAR1 

letter-probability matrix: alength= 4 w= 12 nsites= 1 E= 0
  0.197028	  0.342993	  0.170312	  0.289668	
  0.319179	  0.246083	  0.107040	  0.327698	
  0.041161	  0.886506	  0.039588	  0.032745	
  0.955448	  0.014328	  0.010111	  0.020113	
  0.011682	  0.970744	  0.005893	  0.011682	
  0.015896	  0.069088	  0.899120	  0.015896	
  0.003267	  0.928601	  0.001684	  0.066447	
  0.020106	  0.001683	  0.962314	  0.015896	
  0.079039	  0.878115	  0.026951	  0.015895	
  0.070687	  0.170325	  0.073320	  0.685668	
  0.268718	  0.288160	  0.170275	  0.272847	
  0.348721	  0.187105	  0.212410	  0.251764	

MOTIF GATA 

letter-probability matrix: alength= 4 w= 10 nsites= 1 E= 0
  0.328347	  0.169138	  0.219041	  0.283475	
  0.213028	  0.327166	  0.142902	  0.316904	
  0.438392	  0.186374	  0.226451	  0.148784	
  0.207911	  0.163234	  0.476655	  0.152200	
  0.735309	  0.027269	  0.035982	  0.201440	
  0.201440	  0.035982	  0.027269	  0.735309	
  0.152200	  0.476655	  0.163234	  0.207911	
  0.148784	  0.226451	  0.186374	  0.438392	
  0.316904	  0.142902	  0.327166	  0.213028	
  0.283475	  0.219041	  0.169138	  0.328347	

MOTIF GATA_1 

letter-probability matrix: alength= 4 w= 9 nsites= 1 E= 0
  0.208452	  0.316986	  0.259803	  0.214759	
  0.474466	  0.240328	  0.152309	  0.132897	
  0.061310	  0.030797	  0.891282	  0.016611	
  0.984584	  0.002271	  0.003714	  0.009431	
  0.005314	  0.022060	  0.002057	  0.970569	
  0.029997	  0.644229	  0.132737	  0.193037	
